c Esto es un archivo con una evaluación sobre el tiempo vs las instancias. 
c info #variables #clausulas tiempo
4 10 0.000166177749634
4 10 7.70092010498e-05
4 100 0.000537157058716
4 50 0.000724077224731
4 50 0.000175952911377
4 100 0.000323057174683
4 200 0.000456094741821
4 10 8.79764556885e-05
4 10 9.48905944824e-05
4 13 9.89437103271e-05
4 18 0.000248193740845
4 25 0.000566959381104
4 30 0.000693082809448
4 27 0.000668048858643
4 27 0.000638961791992
4 25 0.000854969024658
4 25 0.000669956207275
4 10 7.79628753662e-05
4 26 0.000608921051025
4 27 0.000906944274902

