c Esto es un archivo con instancias para grafos. 
p did 56
e 0 1 4 14
e 0 2 83 55
e 0 3 99 13
e 0 4 80 22
e 0 5 36 46
e 0 6 52 75
e 0 7 19 13
e 0 8 86 82
e 0 9 86 62
e 0 10 76 73
e 0 11 83 98
e 0 12 71 52
e 0 13 97 21
e 0 14 93 83
e 0 15 6 56
e 0 16 23 53
e 0 17 69 10
e 0 18 28 8
e 0 19 48 24
e 0 20 55 90
e 0 21 32 49
e 0 22 13 78
e 0 23 15 22
e 0 24 76 49
e 0 25 44 83
e 0 26 34 76
e 0 27 20 13
e 0 28 58 83
e 0 29 98 100
e 0 30 72 92
e 0 31 93 44
e 0 32 31 56
e 0 33 83 91
e 0 34 19 40
e 0 35 3 33
e 0 36 0 72
e 0 37 54 67
e 0 38 90 71
e 0 39 29 27
e 0 40 9 76
e 0 41 51 91
e 0 42 37 38
e 0 43 3 11
e 0 44 88 45
e 0 45 48 82
e 0 46 92 10
e 0 47 86 84
e 0 48 58 17
e 0 49 24 87
e 0 50 78 76
e 0 51 68 41
e 0 52 62 33
e 0 53 8 44
e 0 54 25 30
e 0 55 41 24
e 1 2 89 94
e 1 3 12 70
e 1 4 26 21
e 1 5 13 45
e 1 6 100 67
e 1 7 94 33
e 1 8 43 98
e 1 9 11 83
e 1 10 23 6
e 1 11 74 62
e 1 12 15 99
e 1 13 81 53
e 1 14 94 55
e 1 15 93 39
e 1 16 27 100
e 1 17 54 22
e 1 18 0 49
e 1 19 36 96
e 1 20 32 69
e 1 21 52 50
e 1 22 71 3
e 1 23 32 48
e 1 24 91 78
e 1 25 67 11
e 1 26 33 23
e 1 27 100 84
e 1 28 56 15
e 1 29 16 91
e 1 30 63 84
e 1 31 52 86
e 1 32 64 2
e 1 33 1 16
e 1 34 22 13
e 1 35 31 42
e 1 36 10 87
e 1 37 87 68
e 1 38 88 26
e 1 39 43 97
e 1 40 11 88
e 1 41 21 94
e 1 42 80 94
e 1 43 43 21
e 1 44 88 28
e 1 45 99 71
e 1 46 39 31
e 1 47 6 85
e 1 48 3 53
e 1 49 67 67
e 1 50 78 63
e 1 51 76 68
e 1 52 20 30
e 1 53 7 44
e 1 54 97 96
e 1 55 81 69
e 2 3 38 2
e 2 4 20 72
e 2 5 35 86
e 2 6 50 43
e 2 7 32 34
e 2 8 77 74
e 2 9 54 33
e 2 10 63 92
e 2 11 40 31
e 2 12 34 29
e 2 13 41 40
e 2 14 34 39
e 2 15 49 8
e 2 16 70 85
e 2 17 99 58
e 2 18 38 60
e 2 19 0 4
e 2 20 60 80
e 2 21 88 2
e 2 22 7 2
e 2 23 6 89
e 2 24 71 9
e 2 25 41 23
e 2 26 81 34
e 2 27 20 32
e 2 28 59 83
e 2 29 71 80
e 2 30 34 23
e 2 31 16 53
e 2 32 59 1
e 2 33 33 98
e 2 34 44 59
e 2 35 53 29
e 2 36 11 98
e 2 37 35 51
e 2 38 13 25
e 2 39 84 58
e 2 40 43 98
e 2 41 43 39
e 2 42 47 9
e 2 43 53 19
e 2 44 64 57
e 2 45 42 32
e 2 46 58 42
e 2 47 61 12
e 2 48 78 7
e 2 49 80 4
e 2 50 66 98
e 2 51 10 22
e 2 52 72 91
e 2 53 27 32
e 2 54 84 0
e 2 55 55 3
e 3 4 13 80
e 3 5 50 98
e 3 6 40 24
e 3 7 72 0
e 3 8 70 17
e 3 9 27 43
e 3 10 64 98
e 3 11 38 11
e 3 12 7 16
e 3 13 15 48
e 3 14 69 75
e 3 15 25 13
e 3 16 52 55
e 3 17 47 20
e 3 18 29 94
e 3 19 16 4
e 3 20 77 75
e 3 21 70 46
e 3 22 36 72
e 3 23 86 63
e 3 24 74 40
e 3 25 4 98
e 3 26 39 8
e 3 27 23 3
e 3 28 82 76
e 3 29 66 37
e 3 30 57 33
e 3 31 29 90
e 3 32 88 54
e 3 33 11 13
e 3 34 98 11
e 3 35 81 82
e 3 36 62 13
e 3 37 37 40
e 3 38 55 74
e 3 39 82 5
e 3 40 93 73
e 3 41 94 80
e 3 42 38 36
e 3 43 27 95
e 3 44 28 97
e 3 45 51 60
e 3 46 11 53
e 3 47 55 38
e 3 48 22 80
e 3 49 92 36
e 3 50 51 57
e 3 51 6 79
e 3 52 92 91
e 3 53 20 72
e 3 54 81 71
e 3 55 7 99
e 4 5 4 41
e 4 6 35 14
e 4 7 62 45
e 4 8 73 77
e 4 9 82 65
e 4 10 19 94
e 4 11 23 61
e 4 12 41 3
e 4 13 94 89
e 4 14 57 18
e 4 15 24 96
e 4 16 28 73
e 4 17 16 67
e 4 18 31 9
e 4 19 81 1
e 4 20 43 97
e 4 21 26 7
e 4 22 55 96
e 4 23 36 85
e 4 24 80 46
e 4 25 79 69
e 4 26 35 91
e 4 27 73 69
e 4 28 38 71
e 4 29 91 21
e 4 30 67 14
e 4 31 0 46
e 4 32 42 8
e 4 33 50 24
e 4 34 49 10
e 4 35 95 98
e 4 36 77 28
e 4 37 95 89
e 4 38 87 33
e 4 39 96 31
e 4 40 37 52
e 4 41 8 90
e 4 42 27 8
e 4 43 50 83
e 4 44 73 32
e 4 45 78 17
e 4 46 13 5
e 4 47 74 65
e 4 48 34 11
e 4 49 2 11
e 4 50 89 27
e 4 51 49 58
e 4 52 19 98
e 4 53 5 91
e 4 54 82 9
e 4 55 100 98
e 5 6 1 67
e 5 7 7 78
e 5 8 100 40
e 5 9 73 100
e 5 10 39 41
e 5 11 33 84
e 5 12 28 99
e 5 13 90 63
e 5 14 66 30
e 5 15 7 74
e 5 16 57 70
e 5 17 92 0
e 5 18 8 63
e 5 19 55 12
e 5 20 20 71
e 5 21 47 48
e 5 22 10 51
e 5 23 55 32
e 5 24 12 17
e 5 25 39 7
e 5 26 33 58
e 5 27 97 100
e 5 28 95 90
e 5 29 57 66
e 5 30 67 35
e 5 31 49 19
e 5 32 39 60
e 5 33 65 38
e 5 34 23 99
e 5 35 86 49
e 5 36 11 50
e 5 37 38 64
e 5 38 0 62
e 5 39 38 100
e 5 40 88 81
e 5 41 5 98
e 5 42 80 40
e 5 43 56 51
e 5 44 76 75
e 5 45 20 37
e 5 46 40 65
e 5 47 83 87
e 5 48 20 19
e 5 49 64 9
e 5 50 63 61
e 5 51 93 37
e 5 52 87 72
e 5 53 16 50
e 5 54 40 47
e 5 55 16 93
e 6 7 98 56
e 6 8 13 69
e 6 9 79 6
e 6 10 16 25
e 6 11 37 39
e 6 12 91 30
e 6 13 7 15
e 6 14 30 69
e 6 15 5 100
e 6 16 75 71
e 6 17 16 69
e 6 18 82 94
e 6 19 61 59
e 6 20 60 29
e 6 21 70 46
e 6 22 31 98
e 6 23 91 74
e 6 24 18 33
e 6 25 98 73
e 6 26 59 64
e 6 27 91 100
e 6 28 10 9
e 6 29 75 8
e 6 30 96 71
e 6 31 23 34
e 6 32 25 50
e 6 33 10 8
e 6 34 8 83
e 6 35 100 47
e 6 36 75 64
e 6 37 17 58
e 6 38 98 16
e 6 39 27 97
e 6 40 82 31
e 6 41 18 30
e 6 42 23 51
e 6 43 46 90
e 6 44 58 64
e 6 45 48 31
e 6 46 46 0
e 6 47 23 7
e 6 48 50 26
e 6 49 10 51
e 6 50 37 41
e 6 51 95 43
e 6 52 0 36
e 6 53 3 27
e 6 54 87 56
e 6 55 78 36
e 7 8 74 80
e 7 9 97 15
e 7 10 52 89
e 7 11 62 11
e 7 12 100 15
e 7 13 34 52
e 7 14 10 18
e 7 15 10 24
e 7 16 71 93
e 7 17 51 42
e 7 18 25 80
e 7 19 12 20
e 7 20 21 71
e 7 21 47 35
e 7 22 99 86
e 7 23 38 76
e 7 24 31 59
e 7 25 10 83
e 7 26 10 61
e 7 27 16 42
e 7 28 96 95
e 7 29 21 16
e 7 30 87 83
e 7 31 67 88
e 7 32 95 41
e 7 33 75 73
e 7 34 41 70
e 7 35 66 98
e 7 36 2 52
e 7 37 83 95
e 7 38 91 30
e 7 39 23 71
e 7 40 62 72
e 7 41 1 22
e 7 42 1 34
e 7 43 24 3
e 7 44 20 43
e 7 45 50 55
e 7 46 68 37
e 7 47 16 76
e 7 48 30 34
e 7 49 58 68
e 7 50 79 48
e 7 51 5 4
e 7 52 72 64
e 7 53 62 69
e 7 54 35 61
e 7 55 50 23
e 8 9 56 41
e 8 10 93 73
e 8 11 88 87
e 8 12 35 24
e 8 13 29 61
e 8 14 15 88
e 8 15 31 74
e 8 16 64 97
e 8 17 48 92
e 8 18 14 48
e 8 19 85 27
e 8 20 22 5
e 8 21 53 36
e 8 22 46 6
e 8 23 76 80
e 8 24 78 77
e 8 25 5 75
e 8 26 13 37
e 8 27 82 23
e 8 28 62 7
e 8 29 76 61
e 8 30 82 94
e 8 31 84 76
e 8 32 33 52
e 8 33 13 75
e 8 34 41 56
e 8 35 47 75
e 8 36 43 84
e 8 37 91 47
e 8 38 59 58
e 8 39 58 74
e 8 40 0 42
e 8 41 81 19
e 8 42 19 94
e 8 43 76 51
e 8 44 39 7
e 8 45 94 60
e 8 46 82 25
e 8 47 19 58
e 8 48 23 81
e 8 49 65 19
e 8 50 17 51
e 8 51 85 51
e 8 52 67 40
e 8 53 16 51
e 8 54 53 82
e 8 55 79 90
e 9 10 27 11
e 9 11 51 14
e 9 12 98 96
e 9 13 29 21
e 9 14 41 41
e 9 15 95 78
e 9 16 1 62
e 9 17 35 36
e 9 18 36 87
e 9 19 86 35
e 9 20 58 42
e 9 21 0 85
e 9 22 13 91
e 9 23 11 41
e 9 24 6 54
e 9 25 60 56
e 9 26 7 81
e 9 27 55 19
e 9 28 47 3
e 9 29 58 46
e 9 30 81 88
e 9 31 46 3
e 9 32 74 12
e 9 33 13 28
e 9 34 85 67
e 9 35 56 56
e 9 36 4 0
e 9 37 62 65
e 9 38 96 78
e 9 39 38 94
e 9 40 1 50
e 9 41 41 96
e 9 42 0 22
e 9 43 59 81
e 9 44 15 66
e 9 45 100 20
e 9 46 50 93
e 9 47 66 56
e 9 48 56 31
e 9 49 24 49
e 9 50 34 83
e 9 51 67 25
e 9 52 75 69
e 9 53 34 88
e 9 54 75 25
e 9 55 69 17
e 10 11 35 71
e 10 12 11 1
e 10 13 25 38
e 10 14 25 78
e 10 15 11 82
e 10 16 76 68
e 10 17 90 78
e 10 18 66 42
e 10 19 35 11
e 10 20 27 48
e 10 21 41 83
e 10 22 44 51
e 10 23 55 88
e 10 24 66 1
e 10 25 5 20
e 10 26 77 8
e 10 27 71 45
e 10 28 22 89
e 10 29 76 21
e 10 30 70 15
e 10 31 67 19
e 10 32 70 34
e 10 33 31 73
e 10 34 68 39
e 10 35 95 11
e 10 36 12 37
e 10 37 7 95
e 10 38 57 63
e 10 39 53 66
e 10 40 47 34
e 10 41 66 21
e 10 42 0 12
e 10 43 92 3
e 10 44 62 52
e 10 45 77 89
e 10 46 25 87
e 10 47 2 60
e 10 48 57 16
e 10 49 48 48
e 10 50 12 56
e 10 51 82 28
e 10 52 87 47
e 10 53 87 64
e 10 54 61 57
e 10 55 8 65
e 11 12 35 45
e 11 13 74 86
e 11 14 85 2
e 11 15 12 88
e 11 16 8 8
e 11 17 100 8
e 11 18 45 68
e 11 19 14 53
e 11 20 66 88
e 11 21 3 91
e 11 22 62 12
e 11 23 64 39
e 11 24 36 65
e 11 25 95 22
e 11 26 41 98
e 11 27 27 39
e 11 28 9 77
e 11 29 61 17
e 11 30 17 27
e 11 31 82 7
e 11 32 99 1
e 11 33 42 86
e 11 34 100 43
e 11 35 60 33
e 11 36 5 45
e 11 37 41 16
e 11 38 73 74
e 11 39 39 98
e 11 40 2 80
e 11 41 91 86
e 11 42 63 32
e 11 43 97 49
e 11 44 0 67
e 11 45 73 32
e 11 46 72 73
e 11 47 38 12
e 11 48 96 0
e 11 49 93 57
e 11 50 32 15
e 11 51 58 85
e 11 52 94 43
e 11 53 18 80
e 11 54 22 82
e 11 55 27 87
e 12 13 76 93
e 12 14 97 12
e 12 15 75 56
e 12 16 15 23
e 12 17 63 61
e 12 18 18 56
e 12 19 60 98
e 12 20 98 90
e 12 21 5 35
e 12 22 15 96
e 12 23 55 60
e 12 24 100 92
e 12 25 92 75
e 12 26 45 68
e 12 27 40 50
e 12 28 92 97
e 12 29 39 32
e 12 30 2 73
e 12 31 78 98
e 12 32 15 34
e 12 33 55 91
e 12 34 64 71
e 12 35 29 1
e 12 36 93 89
e 12 37 63 27
e 12 38 26 94
e 12 39 13 35
e 12 40 38 28
e 12 41 18 2
e 12 42 1 52
e 12 43 85 70
e 12 44 60 2
e 12 45 47 62
e 12 46 50 5
e 12 47 3 4
e 12 48 20 66
e 12 49 5 13
e 12 50 41 79
e 12 51 41 59
e 12 52 35 93
e 12 53 31 5
e 12 54 18 27
e 12 55 45 68
e 13 14 51 87
e 13 15 44 27
e 13 16 43 63
e 13 17 51 58
e 13 18 42 29
e 13 19 7 100
e 13 20 12 24
e 13 21 82 22
e 13 22 2 40
e 13 23 9 47
e 13 24 17 70
e 13 25 60 82
e 13 26 11 95
e 13 27 39 41
e 13 28 85 52
e 13 29 40 28
e 13 30 74 18
e 13 31 49 90
e 13 32 88 47
e 13 33 9 89
e 13 34 31 98
e 13 35 78 72
e 13 36 2 76
e 13 37 87 12
e 13 38 20 18
e 13 39 16 39
e 13 40 3 35
e 13 41 86 93
e 13 42 92 19
e 13 43 95 52
e 13 44 71 46
e 13 45 2 17
e 13 46 90 26
e 13 47 56 24
e 13 48 88 85
e 13 49 11 34
e 13 50 99 98
e 13 51 69 24
e 13 52 75 3
e 13 53 35 76
e 13 54 91 9
e 13 55 74 59
e 14 15 71 29
e 14 16 85 56
e 14 17 52 11
e 14 18 73 74
e 14 19 83 90
e 14 20 77 19
e 14 21 28 51
e 14 22 51 48
e 14 23 52 69
e 14 24 92 56
e 14 25 24 10
e 14 26 17 67
e 14 27 31 37
e 14 28 6 27
e 14 29 72 86
e 14 30 64 97
e 14 31 58 46
e 14 32 47 10
e 14 33 47 36
e 14 34 11 32
e 14 35 77 18
e 14 36 66 14
e 14 37 45 18
e 14 38 35 9
e 14 39 18 47
e 14 40 18 70
e 14 41 66 2
e 14 42 88 12
e 14 43 48 59
e 14 44 70 100
e 14 45 67 93
e 14 46 57 1
e 14 47 21 81
e 14 48 2 15
e 14 49 47 27
e 14 50 86 40
e 14 51 75 20
e 14 52 73 44
e 14 53 64 53
e 14 54 45 48
e 14 55 65 0
e 15 16 79 88
e 15 17 51 52
e 15 18 90 47
e 15 19 12 36
e 15 20 17 73
e 15 21 77 45
e 15 22 72 94
e 15 23 15 82
e 15 24 38 83
e 15 25 17 18
e 15 26 23 56
e 15 27 86 7
e 15 28 27 22
e 15 29 15 48
e 15 30 0 68
e 15 31 98 56
e 15 32 72 69
e 15 33 0 17
e 15 34 11 78
e 15 35 2 62
e 15 36 43 68
e 15 37 53 17
e 15 38 80 24
e 15 39 74 93
e 15 40 50 57
e 15 41 87 10
e 15 42 79 12
e 15 43 76 74
e 15 44 35 18
e 15 45 85 50
e 15 46 46 33
e 15 47 30 76
e 15 48 87 81
e 15 49 61 99
e 15 50 84 48
e 15 51 98 20
e 15 52 29 56
e 15 53 62 25
e 15 54 31 23
e 15 55 85 77
e 16 17 70 29
e 16 18 61 51
e 16 19 74 47
e 16 20 77 60
e 16 21 95 84
e 16 22 22 88
e 16 23 72 96
e 16 24 52 88
e 16 25 97 60
e 16 26 16 94
e 16 27 61 3
e 16 28 94 49
e 16 29 43 52
e 16 30 70 86
e 16 31 49 35
e 16 32 3 58
e 16 33 17 56
e 16 34 39 46
e 16 35 72 15
e 16 36 43 60
e 16 37 68 51
e 16 38 65 13
e 16 39 88 5
e 16 40 75 29
e 16 41 0 50
e 16 42 22 82
e 16 43 60 47
e 16 44 81 1
e 16 45 9 12
e 16 46 61 44
e 16 47 92 61
e 16 48 20 99
e 16 49 63 61
e 16 50 44 88
e 16 51 81 83
e 16 52 38 64
e 16 53 10 67
e 16 54 86 18
e 16 55 66 43
e 17 18 35 53
e 17 19 95 42
e 17 20 93 1
e 17 21 45 95
e 17 22 3 41
e 17 23 60 68
e 17 24 50 63
e 17 25 100 59
e 17 26 59 96
e 17 27 34 98
e 17 28 66 78
e 17 29 42 66
e 17 30 27 37
e 17 31 59 56
e 17 32 49 86
e 17 33 68 98
e 17 34 56 48
e 17 35 84 74
e 17 36 85 99
e 17 37 27 51
e 17 38 79 52
e 17 39 100 85
e 17 40 96 31
e 17 41 7 59
e 17 42 63 20
e 17 43 1 43
e 17 44 91 66
e 17 45 41 68
e 17 46 35 69
e 17 47 36 51
e 17 48 88 68
e 17 49 75 85
e 17 50 53 1
e 17 51 23 37
e 17 52 8 33
e 17 53 17 83
e 17 54 84 9
e 17 55 32 33
e 18 19 39 62
e 18 20 53 8
e 18 21 77 30
e 18 22 92 90
e 18 23 22 71
e 18 24 52 73
e 18 25 22 37
e 18 26 72 20
e 18 27 21 100
e 18 28 85 52
e 18 29 63 17
e 18 30 24 3
e 18 31 90 82
e 18 32 21 69
e 18 33 69 74
e 18 34 4 92
e 18 35 81 36
e 18 36 30 81
e 18 37 31 84
e 18 38 31 53
e 18 39 8 13
e 18 40 32 16
e 18 41 12 4
e 18 42 52 71
e 18 43 28 46
e 18 44 87 92
e 18 45 14 82
e 18 46 0 8
e 18 47 62 17
e 18 48 29 43
e 18 49 79 63
e 18 50 33 7
e 18 51 6 52
e 18 52 83 71
e 18 53 86 2
e 18 54 63 72
e 18 55 43 35
e 19 20 90 26
e 19 21 47 35
e 19 22 5 99
e 19 23 56 15
e 19 24 65 87
e 19 25 5 43
e 19 26 34 95
e 19 27 60 43
e 19 28 77 35
e 19 29 82 70
e 19 30 46 87
e 19 31 4 13
e 19 32 38 63
e 19 33 100 86
e 19 34 75 11
e 19 35 96 44
e 19 36 99 51
e 19 37 20 76
e 19 38 60 55
e 19 39 44 79
e 19 40 73 73
e 19 41 9 100
e 19 42 12 71
e 19 43 18 57
e 19 44 64 84
e 19 45 13 37
e 19 46 65 84
e 19 47 30 5
e 19 48 19 66
e 19 49 13 32
e 19 50 51 29
e 19 51 62 53
e 19 52 27 49
e 19 53 20 84
e 19 54 82 40
e 19 55 22 40
e 20 21 10 94
e 20 22 66 45
e 20 23 80 76
e 20 24 9 51
e 20 25 0 34
e 20 26 88 67
e 20 27 94 97
e 20 28 83 32
e 20 29 80 35
e 20 30 16 83
e 20 31 54 20
e 20 32 76 67
e 20 33 58 54
e 20 34 77 94
e 20 35 99 28
e 20 36 69 11
e 20 37 5 28
e 20 38 36 96
e 20 39 94 39
e 20 40 52 17
e 20 41 74 29
e 20 42 19 89
e 20 43 77 94
e 20 44 9 62
e 20 45 82 80
e 20 46 49 5
e 20 47 28 14
e 20 48 99 52
e 20 49 24 44
e 20 50 77 51
e 20 51 41 89
e 20 52 14 45
e 20 53 60 45
e 20 54 30 42
e 20 55 67 44
e 21 22 85 64
e 21 23 62 46
e 21 24 59 87
e 21 25 66 59
e 21 26 10 77
e 21 27 69 45
e 21 28 44 2
e 21 29 50 2
e 21 30 48 60
e 21 31 92 95
e 21 32 34 15
e 21 33 93 43
e 21 34 43 52
e 21 35 66 31
e 21 36 76 96
e 21 37 14 92
e 21 38 72 16
e 21 39 54 64
e 21 40 15 94
e 21 41 98 77
e 21 42 63 32
e 21 43 27 100
e 21 44 19 99
e 21 45 81 12
e 21 46 0 58
e 21 47 77 70
e 21 48 28 19
e 21 49 8 16
e 21 50 32 69
e 21 51 86 99
e 21 52 50 82
e 21 53 75 95
e 21 54 89 39
e 21 55 17 70
e 22 23 22 80
e 22 24 98 57
e 22 25 22 88
e 22 26 9 100
e 22 27 4 86
e 22 28 76 14
e 22 29 48 19
e 22 30 19 100
e 22 31 39 78
e 22 32 85 97
e 22 33 94 12
e 22 34 77 86
e 22 35 27 60
e 22 36 40 58
e 22 37 84 35
e 22 38 99 97
e 22 39 24 100
e 22 40 29 86
e 22 41 21 5
e 22 42 19 68
e 22 43 28 64
e 22 44 68 10
e 22 45 33 74
e 22 46 9 34
e 22 47 95 92
e 22 48 63 62
e 22 49 51 88
e 22 50 7 99
e 22 51 65 89
e 22 52 98 38
e 22 53 53 62
e 22 54 47 22
e 22 55 43 83
e 23 24 53 33
e 23 25 7 79
e 23 26 33 26
e 23 27 67 14
e 23 28 24 22
e 23 29 64 82
e 23 30 79 72
e 23 31 100 59
e 23 32 73 65
e 23 33 15 26
e 23 34 64 69
e 23 35 14 0
e 23 36 83 11
e 23 37 38 5
e 23 38 26 45
e 23 39 45 23
e 23 40 54 73
e 23 41 98 28
e 23 42 21 97
e 23 43 62 53
e 23 44 48 40
e 23 45 66 35
e 23 46 28 41
e 23 47 80 20
e 23 48 54 47
e 23 49 7 89
e 23 50 59 15
e 23 51 31 92
e 23 52 3 47
e 23 53 72 15
e 23 54 57 75
e 23 55 17 7
e 24 25 4 87
e 24 26 35 70
e 24 27 55 7
e 24 28 80 21
e 24 29 57 34
e 24 30 4 53
e 24 31 41 1
e 24 32 20 60
e 24 33 56 86
e 24 34 53 26
e 24 35 59 95
e 24 36 68 82
e 24 37 92 76
e 24 38 9 80
e 24 39 85 31
e 24 40 68 39
e 24 41 4 41
e 24 42 36 64
e 24 43 89 52
e 24 44 26 9
e 24 45 75 68
e 24 46 27 73
e 24 47 67 45
e 24 48 24 30
e 24 49 36 1
e 24 50 88 96
e 24 51 37 52
e 24 52 34 72
e 24 53 64 19
e 24 54 12 63
e 24 55 55 30
e 25 26 56 96
e 25 27 41 17
e 25 28 84 54
e 25 29 9 25
e 25 30 77 13
e 25 31 79 51
e 25 32 23 66
e 25 33 36 75
e 25 34 26 92
e 25 35 65 8
e 25 36 21 41
e 25 37 73 22
e 25 38 27 65
e 25 39 47 0
e 25 40 19 19
e 25 41 4 6
e 25 42 75 84
e 25 43 96 10
e 25 44 33 56
e 25 45 38 65
e 25 46 41 85
e 25 47 85 16
e 25 48 7 11
e 25 49 9 69
e 25 50 56 92
e 25 51 47 44
e 25 52 57 37
e 25 53 0 12
e 25 54 84 17
e 25 55 63 41
e 26 27 95 86
e 26 28 100 30
e 26 29 87 6
e 26 30 33 12
e 26 31 92 94
e 26 32 13 21
e 26 33 95 27
e 26 34 39 5
e 26 35 18 9
e 26 36 86 37
e 26 37 62 50
e 26 38 48 64
e 26 39 20 45
e 26 40 53 77
e 26 41 99 10
e 26 42 93 4
e 26 43 51 59
e 26 44 63 24
e 26 45 59 23
e 26 46 27 55
e 26 47 27 55
e 26 48 60 93
e 26 49 99 10
e 26 50 15 36
e 26 51 25 18
e 26 52 33 0
e 26 53 72 59
e 26 54 9 49
e 26 55 75 83
e 27 28 90 28
e 27 29 74 1
e 27 30 40 17
e 27 31 23 98
e 27 32 94 71
e 27 33 46 6
e 27 34 93 47
e 27 35 33 71
e 27 36 2 95
e 27 37 17 32
e 27 38 36 53
e 27 39 80 90
e 27 40 64 16
e 27 41 90 71
e 27 42 92 19
e 27 43 69 59
e 27 44 0 15
e 27 45 2 61
e 27 46 94 37
e 27 47 94 85
e 27 48 15 93
e 27 49 60 69
e 27 50 81 73
e 27 51 95 82
e 27 52 1 62
e 27 53 100 97
e 27 54 64 72
e 27 55 56 6
e 28 29 73 65
e 28 30 36 46
e 28 31 91 55
e 28 32 67 5
e 28 33 96 45
e 28 34 19 62
e 28 35 72 1
e 28 36 4 33
e 28 37 95 67
e 28 38 32 0
e 28 39 33 92
e 28 40 22 24
e 28 41 52 56
e 28 42 67 28
e 28 43 97 56
e 28 44 69 50
e 28 45 8 92
e 28 46 15 58
e 28 47 3 54
e 28 48 15 71
e 28 49 91 75
e 28 50 33 3
e 28 51 41 82
e 28 52 9 14
e 28 53 42 96
e 28 54 66 31
e 28 55 82 51
e 29 30 61 39
e 29 31 53 15
e 29 32 49 94
e 29 33 86 88
e 29 34 68 64
e 29 35 20 62
e 29 36 83 9
e 29 37 5 29
e 29 38 46 91
e 29 39 16 32
e 29 40 30 43
e 29 41 78 57
e 29 42 41 48
e 29 43 39 19
e 29 44 64 63
e 29 45 40 93
e 29 46 35 87
e 29 47 66 35
e 29 48 38 79
e 29 49 18 91
e 29 50 40 53
e 29 51 2 26
e 29 52 71 10
e 29 53 29 38
e 29 54 4 87
e 29 55 50 15
e 30 31 64 15
e 30 32 74 15
e 30 33 62 8
e 30 34 7 67
e 30 35 83 98
e 30 36 40 8
e 30 37 21 5
e 30 38 69 60
e 30 39 79 7
e 30 40 80 67
e 30 41 92 0
e 30 42 22 97
e 30 43 24 95
e 30 44 77 15
e 30 45 92 35
e 30 46 33 20
e 30 47 91 11
e 30 48 69 75
e 30 49 100 89
e 30 50 65 88
e 30 51 72 69
e 30 52 28 46
e 30 53 0 44
e 30 54 59 43
e 30 55 28 83
e 31 32 85 67
e 31 33 60 4
e 31 34 60 97
e 31 35 2 75
e 31 36 94 15
e 31 37 13 26
e 31 38 92 30
e 31 39 22 12
e 31 40 38 99
e 31 41 48 31
e 31 42 55 40
e 31 43 52 76
e 31 44 71 31
e 31 45 91 80
e 31 46 91 56
e 31 47 17 84
e 31 48 6 47
e 31 49 80 79
e 31 50 20 97
e 31 51 87 31
e 31 52 90 51
e 31 53 3 11
e 31 54 9 79
e 31 55 81 89
e 32 33 69 3
e 32 34 23 83
e 32 35 0 93
e 32 36 30 6
e 32 37 54 9
e 32 38 6 61
e 32 39 80 65
e 32 40 13 25
e 32 41 94 5
e 32 42 64 7
e 32 43 9 46
e 32 44 71 37
e 32 45 51 48
e 32 46 38 68
e 32 47 49 44
e 32 48 34 49
e 32 49 1 84
e 32 50 21 12
e 32 51 67 21
e 32 52 5 19
e 32 53 9 69
e 32 54 73 16
e 32 55 62 14
e 33 34 88 42
e 33 35 34 93
e 33 36 87 18
e 33 37 26 27
e 33 38 69 4
e 33 39 97 90
e 33 40 99 53
e 33 41 17 51
e 33 42 98 29
e 33 43 51 96
e 33 44 11 80
e 33 45 5 53
e 33 46 19 54
e 33 47 70 100
e 33 48 69 42
e 33 49 37 9
e 33 50 100 42
e 33 51 27 13
e 33 52 31 17
e 33 53 60 33
e 33 54 11 16
e 33 55 10 96
e 34 35 35 46
e 34 36 36 55
e 34 37 71 4
e 34 38 45 85
e 34 39 48 53
e 34 40 70 10
e 34 41 75 11
e 34 42 44 61
e 34 43 72 12
e 34 44 21 28
e 34 45 29 8
e 34 46 73 42
e 34 47 94 7
e 34 48 0 6
e 34 49 26 58
e 34 50 56 43
e 34 51 37 20
e 34 52 81 70
e 34 53 50 21
e 34 54 74 18
e 34 55 78 66
e 35 36 43 32
e 35 37 70 19
e 35 38 5 0
e 35 39 62 57
e 35 40 63 47
e 35 41 68 56
e 35 42 95 40
e 35 43 91 34
e 35 44 80 15
e 35 45 31 11
e 35 46 47 23
e 35 47 22 75
e 35 48 63 29
e 35 49 44 43
e 35 50 0 43
e 35 51 76 30
e 35 52 18 96
e 35 53 44 93
e 35 54 15 66
e 35 55 63 73
e 36 37 9 10
e 36 38 17 95
e 36 39 78 86
e 36 40 85 98
e 36 41 5 56
e 36 42 53 47
e 36 43 16 22
e 36 44 0 95
e 36 45 17 39
e 36 46 76 70
e 36 47 8 77
e 36 48 13 85
e 36 49 61 2
e 36 50 48 72
e 36 51 46 64
e 36 52 21 13
e 36 53 95 40
e 36 54 12 98
e 36 55 66 60
e 37 38 83 16
e 37 39 32 51
e 37 40 76 20
e 37 41 25 83
e 37 42 85 28
e 37 43 96 48
e 37 44 71 99
e 37 45 32 63
e 37 46 99 69
e 37 47 62 2
e 37 48 54 33
e 37 49 17 65
e 37 50 63 25
e 37 51 32 87
e 37 52 95 27
e 37 53 20 57
e 37 54 36 50
e 37 55 19 40
e 38 39 11 5
e 38 40 55 72
e 38 41 69 89
e 38 42 25 75
e 38 43 24 64
e 38 44 83 95
e 38 45 34 86
e 38 46 14 37
e 38 47 85 100
e 38 48 96 45
e 38 49 82 23
e 38 50 23 44
e 38 51 74 62
e 38 52 23 10
e 38 53 37 98
e 38 54 11 3
e 38 55 10 62
e 39 40 66 17
e 39 41 19 87
e 39 42 61 29
e 39 43 18 100
e 39 44 14 71
e 39 45 64 19
e 39 46 61 85
e 39 47 97 48
e 39 48 91 81
e 39 49 77 77
e 39 50 92 42
e 39 51 55 90
e 39 52 57 84
e 39 53 61 84
e 39 54 15 11
e 39 55 3 63
e 40 41 18 30
e 40 42 69 69
e 40 43 24 42
e 40 44 12 57
e 40 45 10 68
e 40 46 25 98
e 40 47 65 95
e 40 48 80 20
e 40 49 6 5
e 40 50 38 67
e 40 51 12 85
e 40 52 49 55
e 40 53 51 20
e 40 54 12 75
e 40 55 59 78
e 41 42 48 31
e 41 43 41 60
e 41 44 69 32
e 41 45 84 81
e 41 46 56 88
e 41 47 46 77
e 41 48 46 86
e 41 49 15 98
e 41 50 24 31
e 41 51 28 79
e 41 52 60 19
e 41 53 63 8
e 41 54 3 55
e 41 55 43 11
e 42 43 27 84
e 42 44 12 63
e 42 45 67 35
e 42 46 38 13
e 42 47 93 43
e 42 48 46 63
e 42 49 61 99
e 42 50 21 81
e 42 51 49 33
e 42 52 1 59
e 42 53 31 11
e 42 54 13 73
e 42 55 41 60
e 43 44 17 16
e 43 45 72 3
e 43 46 61 41
e 43 47 13 31
e 43 48 87 64
e 43 49 20 3
e 43 50 57 88
e 43 51 69 18
e 43 52 48 92
e 43 53 34 35
e 43 54 4 53
e 43 55 2 56
e 44 45 55 13
e 44 46 64 21
e 44 47 23 88
e 44 48 29 61
e 44 49 3 56
e 44 50 33 63
e 44 51 40 1
e 44 52 95 34
e 44 53 94 61
e 44 54 9 86
e 44 55 97 41
e 45 46 85 55
e 45 47 77 14
e 45 48 4 56
e 45 49 7 89
e 45 50 65 15
e 45 51 56 5
e 45 52 64 49
e 45 53 22 79
e 45 54 20 73
e 45 55 86 28
e 46 47 75 95
e 46 48 70 82
e 46 49 21 27
e 46 50 92 30
e 46 51 4 84
e 46 52 34 74
e 46 53 100 40
e 46 54 30 40
e 46 55 63 63
e 47 48 79 98
e 47 49 84 27
e 47 50 60 63
e 47 51 8 34
e 47 52 88 59
e 47 53 16 97
e 47 54 30 91
e 47 55 99 26
e 48 49 88 47
e 48 50 91 11
e 48 51 6 84
e 48 52 19 100
e 48 53 23 46
e 48 54 51 59
e 48 55 26 21
e 49 50 58 97
e 49 51 64 82
e 49 52 83 22
e 49 53 43 92
e 49 54 39 98
e 49 55 29 71
e 50 51 51 91
e 50 52 51 47
e 50 53 44 73
e 50 54 71 69
e 50 55 77 16
e 51 52 78 18
e 51 53 98 11
e 51 54 93 24
e 51 55 67 1
e 52 53 99 95
e 52 54 57 42
e 52 55 13 69
e 53 54 39 96
e 53 55 73 91
e 54 55 82 26
